 12
Homo_sapiens 0.0 0.30793613 0.08928572 0.10379464 0.16086888 0.18191965 0.23214285 0.23325893 0.24888393 0.25558037 0.27336520 0.32200283
Lemur_catta 0.30793613 0.0 0.30906406 0.29341054 0.29264536 0.29558650 0.28214961 0.28878126 0.29782426 0.28656426 0.28528661 0.25185844
Pan_troglodytes 0.08928572 0.30906406 0.0 0.10602678 0.17092827 0.18861607 0.24330357 0.25111607 0.26785713 0.24888393 0.28455269 0.32089657
Gorilla_gorilla 0.10379464 0.29341054 0.10602678 0.0 0.16644806 0.18861607 0.23660715 0.23549107 0.26227680 0.24441965 0.27099577 0.31418553
Pongo 0.16086888 0.29264536 0.17092827 0.16644806 0.0 0.18768406 0.24467036 0.24702537 0.26154670 0.24143586 0.28379732 0.30335158
Hylobates 0.18191965 0.29558650 0.18861607 0.18861607 0.18768406 0.0 0.24665178 0.23883928 0.25669643 0.24218750 0.26878753 0.30855602
Macaca_fuscata 0.23214285 0.28214961 0.24330357 0.23660715 0.24467036 0.24665178 0.0 0.03571429 0.08370536 0.12388393 0.28893143 0.31431738
Macaca_mulatta 0.23325893 0.28878126 0.25111607 0.23549107 0.24702537 0.23883928 0.03571429 0.0 0.09263393 0.11941964 0.29341471 0.31640598
Macaca_fascicularis 0.24888393 0.29782426 0.26785713 0.26227680 0.26154670 0.25669643 0.08370536 0.09263393 0.0 0.12276786 0.28669357 0.31096455
Macaca_sylvanus 0.25558037 0.28656426 0.24888393 0.24441965 0.24143586 0.24218750 0.12388393 0.11941964 0.12276786 0.0 0.28672516 0.31864917
Saimiri_sciureus 0.27336520 0.28528661 0.28455269 0.27099577 0.28379732 0.26878753 0.28893143 0.29341471 0.28669357 0.28672516 0.0 0.31977895
Tarsius_syrichta 0.32200283 0.25185844 0.32089657 0.31418553 0.30335158 0.30855602 0.31431738 0.31640598 0.31096455 0.31864917 0.31977895 0.0